115,658,121,646,18,
115,658,124,658,9,
124,658,138,649,23,
124,658,137,667,22,
100,649,115,658,24,
107,618,116,627,18,
116,627,130,625,16,
130,625,132,635,14,
121,646,132,635,22,
132,635,145,641,19,
107,618,114,609,16,
108,595,114,609,20,
108,595,120,596,13,
120,596,130,608,22,
117,617,130,608,22,
107,618,117,617,11,
144,657,145,641,17,
144,657,160,656,17,
166,671,178,662,21,
151,678,166,671,22,
134,677,151,678,18,
117,680,134,677,20,
114,696,117,680,19,
114,696,116,711,21,
116,711,130,708,17,
127,692,130,708,19,
114,696,127,692,17,
117,680,127,692,22,
127,692,134,677,22,
141,690,151,678,22,
134,677,141,690,20,
127,692,141,690,16,
145,641,156,642,14,
156,642,160,656,18,
160,656,172,652,16,
172,652,178,662,16,
100,580,108,595,23,
84,574,100,580,22,
99,620,107,618,10,lummyEastCowGate
156,642,171,644,17,
171,644,172,652,11,
184,651,193,653,11,
193,653,208,653,15,
208,653,217,646,16,
214,631,217,646,18,
214,631,220,638,13,
214,631,224,632,13,
224,632,233,620,21,
233,620,243,610,20,
243,610,259,611,17,
130,625,138,617,16,
150,595,157,586,16,lummyNorthCowGate
142,584,157,586,17,
142,584,154,574,22,
154,574,169,571,18,
169,571,171,584,15,
157,586,171,584,16,
154,574,157,586,15,
138,617,153,615,17,
153,615,167,611,18,
190,592,199,605,22,
185,577,190,592,20,
185,577,185,562,17,
185,562,186,547,16,
186,547,196,535,22,
196,535,211,529,21,
211,529,218,515,21,
203,512,218,515,18,
186,514,203,512,19,
170,510,186,514,20,
162,508,170,510,10,
150,509,162,508,13,
134,510,150,509,17,
132,521,134,510,13,
131,535,132,521,15,
129,549,131,535,16,
124,561,129,549,17,
113,570,124,561,20,
98,574,113,570,19,
84,574,98,574,14,
129,549,140,555,17,
140,555,145,567,17,
134,575,145,567,161,
127,585,134,575,17,
120,596,127,585,18,
190,592,205,591,16,
205,591,211,577,20,
207,562,211,577,21,
207,562,211,551,15,draynorManorSouthDoor
199,605,205,591,20,
199,605,210,606,12,
205,591,210,606,20,
210,606,212,620,16,
212,620,214,631,13,
210,606,223,611,18,
223,611,232,610,10,
232,610,233,620,11,
232,610,243,610,11,
259,611,260,626,16,
260,626,260,642,16,
260,642,269,642,9,
269,642,269,658,16,
269,658,275,666,34,
275,666,284,676,19,
283,692,284,676,17,
283,692,286,707,18,
286,707,295,694,22,
283,692,295,694,14,
283,692,295,682,22,
295,682,295,694,14,
295,682,309,678,18,
284,676,297,665,24,
297,665,309,668,15,
309,668,309,678,10,
260,626,273,629,18,
273,629,277,644,23,
269,642,277,644,22,
277,644,284,652,15,
284,652,291,659,14,
291,659,297,665,12,
259,611,274,611,15,
274,611,283,619,17,
273,629,283,619,20,
203,512,204,497,16,
192,486,204,497,23,
202,487,204,497,12,
192,486,202,487,11,
202,487,203,483,5,brassKeyDoor
191,475,192,486,12,
174,478,191,475,20,
158,482,174,478,20,
158,482,171,490,21,
171,490,184,493,16,
184,493,192,486,15,
176,505,184,493,20,
176,505,186,514,19,
191,501,204,497,17,
184,493,191,501,15,
186,514,191,501,18,
162,508,176,505,17,
161,496,162,508,19,
150,509,150,502,7,
131,495,134,510,18,
131,495,142,487,19,
142,487,143,472,16,
143,472,146,457,18,
132,450,146,457,21,
118,455,132,450,19,
116,466,118,455,13,
116,466,116,474,8,
131,495,131,481,14,
131,481,131,475,6,
131,475,137,464,17,
129,461,137,464,11,
125,470,129,461,13,
125,470,131,475,11,
116,483,131,481,17,
109,482,116,483,8,
109,482,109,467,15,
109,467,110,451,17,
110,451,110,438,13,
109,482,109,496,14,
109,496,111,506,12,
111,506,119,511,13,
119,511,134,510,16,
119,511,120,519,9,
107,525,120,519,19,
104,510,119,511,18,
82,510,91,509,10,
82,510,82,496,14,
78,486,82,496,14,
78,486,83,475,16,
80,463,83,475,17,
73,452,80,463,18,
73,452,75,442,12,
83,475,88,486,16,
82,496,88,486,16,
91,509,99,520,19,
99,520,107,525,17,
118,540,129,549,20,
105,541,118,540,14,
89,541,105,541,16,
76,541,89,541,13,
72,545,76,541,8,
75,528,76,541,14,
75,528,83,518,18,
82,510,83,518,9,
71,560,72,545,16,
71,560,83,561,13,
83,561,84,574,14,
83,561,90,554,14,
89,541,90,554,16,
105,541,109,553,16,
109,553,124,561,23,
140,555,152,551,16,
131,535,145,539,18,
145,539,152,551,19,
145,539,157,533,18,
157,533,163,525,14,
163,525,170,518,14,
170,518,170,510,12,
157,533,162,545,17,
152,551,162,545,16,
162,545,170,554,17,
155,556,170,554,17,
152,551,155,556,8,
170,554,173,540,17,
168,529,173,540,16,
163,525,168,529,9,
168,529,180,522,19,
180,522,186,514,14,
178,533,180,522,13,
173,540,178,533,12,
178,533,191,526,20,
191,526,201,518,18,
201,518,203,512,8,
218,515,219,500,16,
219,500,219,486,14,
219,486,221,473,15,
221,473,226,459,37,
217,457,226,459,11,
223,449,226,459,13,
217,457,223,449,14,
212,462,217,457,10,
212,462,212,470,8,
212,470,221,473,12,
209,448,223,449,17,
206,440,209,448,11,
191,435,206,440,20,
175,436,191,435,19,
159,437,175,436,19,
143,437,159,437,18,
128,432,143,437,20,
116,441,128,432,21,
110,438,116,441,9,
159,437,162,450,16,
162,450,177,449,18,
175,436,177,449,17,
186,448,191,435,18,
177,449,186,448,12,
186,448,198,451,15,
198,451,198,463,12,
184,464,198,463,15,
184,464,186,448,18,
174,463,177,449,17,
174,463,184,464,11,
162,459,174,463,16,
162,459,162,450,11,
150,450,162,450,14,
143,437,150,450,20,
223,449,232,438,20,
217,437,232,438,16,
206,440,217,437,14,
221,473,232,474,12,
232,474,234,461,15,
234,461,237,446,18,
234,461,240,473,18,
232,474,240,473,9,
239,490,240,473,18,
239,490,240,504,15,
240,504,242,516,14,
228,515,242,516,15,
218,515,228,515,10,
230,488,232,474,16,
219,486,230,488,13,
226,530,228,515,17,
211,529,226,530,16,
226,530,239,536,19,
239,536,241,524,14,
241,524,242,516,9,
239,536,239,550,14,
239,550,240,566,17,
240,566,240,579,13,
239,593,240,579,15,
225,590,239,593,17,
216,586,225,590,13,
211,577,216,586,14,
205,591,216,586,16,
225,590,225,601,11,
223,611,225,601,12,
239,593,241,605,14,
241,605,243,610,7,
274,611,279,600,16,
266,593,279,600,20,
254,591,266,593,14,
248,563,248,546,19,
248,546,250,532,18,
250,532,250,518,14,
242,516,250,518,10,
250,518,263,512,19,
263,512,276,507,18,
276,507,293,505,19,
293,505,302,510,14,
302,510,314,515,17,
250,532,266,531,17,
266,531,281,527,19,
281,527,286,519,13,
286,519,299,517,15,
299,517,314,515,17,
314,515,316,528,15,
293,505,306,499,19,
306,499,311,489,15,
311,489,316,481,13,
313,466,316,481,20,
306,451,313,466,22,
297,440,306,451,20,
262,498,263,512,15,
262,498,262,482,16,
262,482,269,477,12,
269,477,278,485,17,
278,485,291,489,17,
291,489,296,477,17,
269,477,276,463,21,
276,463,276,452,11,
279,600,288,589,20,
288,589,289,575,17,
289,575,289,560,15,
275,556,289,560,18,
271,544,275,556,16,
257,546,271,544,16,
257,546,257,559,13,
257,559,269,561,14,
269,561,275,556,11,
289,560,298,549,20,
286,545,298,549,16,
286,545,292,533,18,
292,533,299,538,12,
298,549,299,538,14,
298,549,307,541,17,
307,541,316,528,22,
307,541,321,541,14,
321,541,331,545,14,
326,556,331,545,16,
326,556,328,568,14,
326,577,328,568,11,
311,578,326,577,16,
297,574,311,578,18,
289,575,297,574,9,
312,549,321,541,17,
307,541,312,549,15,
312,549,314,558,11,
311,562,314,558,7,
321,541,329,530,19,
329,530,331,545,17,
316,528,329,530,15,
314,515,322,502,21,
322,502,331,491,20,
328,474,331,491,20,
321,460,328,474,21,
321,460,322,448,15,
331,491,340,487,13,
340,487,345,487,5,northFallyTavGate
288,589,303,587,17,
303,587,318,587,15,
318,587,333,585,17,
333,585,343,583,12,
343,579,343,583,4,southFallyTavGate
274,611,289,611,15,
289,611,304,610,16,
304,610,318,604,20,
318,604,330,596,20,
330,596,345,594,17,
343,583,345,594,13,
330,596,333,585,14,
289,611,292,598,16,
288,589,292,598,13,
303,587,305,599,14,
304,610,305,599,12,
316,596,318,587,11,
316,596,318,604,10,
345,594,358,594,13,
330,596,331,611,16,
331,611,339,622,19,
339,622,353,620,16,
353,620,363,609,21,
353,620,355,635,17,
354,648,355,635,14,
344,659,354,648,21,
335,662,344,659,12,
335,662,335,673,11,
325,678,335,673,15,
318,672,325,678,13,
309,678,318,672,15,
318,672,323,664,13,
323,664,324,653,14,
324,653,335,662,20,
312,657,324,653,16,
309,668,312,657,14,
299,654,312,657,16,
297,665,299,654,13,
291,659,299,654,13,
284,652,299,654,17,
324,639,324,653,14,
314,628,324,639,21,
310,616,314,628,16,
310,616,318,604,20,
304,610,310,616,12,
283,619,293,626,17,
293,626,305,630,16,
305,630,314,628,11,
303,640,305,630,12,
299,654,303,640,18,
324,639,338,643,18,
338,643,348,642,11,
348,642,354,648,12,
348,642,355,635,14,
335,636,339,622,18,
324,639,335,636,14,
322,625,324,639,16,
314,628,322,625,11,
321,616,331,611,15,
321,616,322,625,10,
318,604,321,616,15,
310,616,321,616,11,
289,611,293,626,19,
358,594,359,582,13,
343,583,359,582,17,
343,579,356,576,16,
343,579,344,565,15,
356,576,365,574,11,
365,574,366,566,9,
356,566,366,566,10,
356,566,356,576,10,
344,565,356,566,13,
343,553,344,565,13,
343,553,346,542,14,
331,545,336,548,8,
335,561,336,548,14,
328,568,335,561,14,
346,542,359,539,16,
354,551,356,566,17,
354,551,359,539,17,
359,539,368,532,16,
368,519,368,532,15,
359,509,368,519,19,
346,505,359,509,17,
346,505,347,495,11,
345,487,347,495,10,
366,566,374,555,19,
367,542,374,555,20,
367,542,368,532,11,
345,487,348,474,16,
347,460,348,474,15,
343,446,347,460,18,
343,446,352,437,18,
352,437,367,437,15,
367,437,368,446,10,
368,446,383,445,16,
383,445,384,460,16,
381,475,384,460,18,
381,475,384,490,18,
383,504,384,490,15,
382,518,383,504,15,
380,534,382,518,18,
368,532,380,534,14,
368,519,382,518,17,
359,509,365,500,15,
365,500,374,498,11,
374,498,384,490,18,
374,498,383,504,15,
345,487,358,488,14,
358,488,369,488,11,
369,488,374,498,15,
365,500,369,488,16,
370,484,381,475,20,
369,488,370,484,5,
383,504,393,494,20,
393,494,397,480,18,
393,465,397,480,19,
393,465,396,454,14,
396,454,397,463,10,
397,463,403,467,10,
403,467,407,461,12,
401,459,407,461,8,
401,459,412,457,13,
412,457,414,472,17,
404,450,412,457,15,
404,450,408,438,16,
409,484,414,472,17,
401,495,409,484,19,
401,495,405,501,10,
405,501,416,498,14,
416,498,427,495,14,
427,495,437,500,15,
437,500,448,500,11,
448,500,457,489,20,
457,489,466,480,18,
466,466,466,480,16,
466,466,480,465,15,
452,464,466,466,16,
441,457,452,464,18,
427,455,441,457,16,
431,465,441,457,18,
427,455,431,465,14,
431,465,431,474,9,
424,486,431,474,19,
424,486,427,495,14,
416,498,424,486,20,
445,490,448,500,13,
445,490,457,489,13,
451,479,466,480,16,
437,474,451,479,19,
431,474,437,474,6,
445,490,451,479,17,
480,465,492,459,18,
485,456,492,459,10,
480,465,485,456,14,
484,443,485,456,14,
484,432,484,443,11,
484,422,484,432,10,
484,422,489,411,16,
492,459,500,456,11,
500,456,501,451,6,
500,456,508,457,9,
508,457,520,458,13,
492,459,494,446,15,
484,443,494,446,13,
494,446,506,446,12,
506,446,508,457,15,
506,446,517,448,13,
517,448,520,458,13,
517,448,532,448,17,
532,448,532,458,10,
520,458,532,458,12,
480,465,488,476,19,
488,476,495,487,18,
495,487,501,502,21,
501,502,510,515,22,
510,515,522,523,20,
522,523,535,530,20,
535,530,549,534,18,
549,534,562,541,20,
562,541,564,554,15,
563,571,564,554,18,
504,469,508,457,16,
497,478,504,469,16,
495,487,497,478,11,
488,476,497,478,11,
504,469,509,482,18,
497,478,509,482,16,
495,487,509,482,19,
184,651,186,637,18,
186,637,192,626,17,
192,626,202,625,11,
202,625,212,620,15,
202,625,214,631,18,
198,635,202,625,14,
192,640,193,653,14,
174,628,186,637,21,
174,617,174,628,11,
167,611,174,617,13,
162,629,174,628,13,
156,642,162,629,19,
184,606,199,605,16,
184,606,185,611,6,lummyNorthPotatoGate
184,602,184,606,4,lummyNorthGarlicGate
167,611,173,608,9,
173,608,184,606,13,
172,604,173,608,5,lummyNorthWheatSouthGate
172,604,178,595,15,lummyNorthWheatNorthGate
97,663,100,649,17,
95,650,100,649,6,
88,650,95,650,7,alkharidGate
71,682,72,694,15,
84,693,92,696,11,
114,609,118,607,6,lummyEastChickenGate
153,615,159,616,9,lummyNorthChickensGate
562,541,577,539,17,
577,539,592,535,19,
592,535,609,531,21,
609,531,624,527,19,
624,527,640,521,22,
640,521,648,520,9,
647,528,648,520,9,
647,528,661,527,15,
646,539,647,528,12,
646,539,650,549,14,
650,549,658,555,14,
658,555,671,549,19,
671,549,682,544,16,
682,544,693,539,16,
693,539,703,532,15,
703,528,703,532,6,gnomeTreeGate
703,528,706,515,16,
703,501,706,515,17,
700,493,703,501,11,
693,493,700,493,11,
637,550,646,539,20,
626,557,637,550,18,
612,563,626,557,20,
608,569,612,563,10,
608,569,611,580,14,
611,580,613,593,15,
601,595,613,593,14,
613,593,616,604,14,
598,603,601,595,11,
587,604,598,603,12,
573,607,587,604,17,
562,606,573,607,12,
551,607,562,606,12,
549,596,551,607,13,
548,584,549,596,13,
548,584,554,575,15,
554,575,563,571,13,
563,571,578,571,15,
578,571,582,574,7,
578,571,589,570,12,
582,574,589,570,13,
589,570,590,583,14,
590,583,591,593,15,
587,604,591,593,15,
535,596,549,596,14,
527,591,535,596,13,
522,577,527,591,19,
520,563,522,577,16,
513,553,520,563,17,
502,550,513,553,14,
498,537,502,550,17,
493,525,498,537,17,
482,515,493,525,21,
472,504,482,515,21,
459,504,472,504,19,
448,500,459,504,15,
457,489,467,496,17,
467,496,472,504,13,
487,502,501,502,16,
472,504,487,502,17,
500,523,510,515,18,
493,525,500,523,9,
520,563,529,553,19,
529,553,532,538,18,
532,538,535,530,11,
557,527,562,541,19,
557,511,557,527,16,
557,500,557,511,11,
547,489,557,500,21,
541,475,547,489,20,
540,464,541,475,12,
532,458,540,464,14,
547,489,557,478,21,
115,658,116,667,10,
208,653,211,665,15,
211,665,213,675,12,
213,675,217,684,13,
215,691,217,684,9,wizardTowerDoor
138,617,145,605,19,
145,605,148,599,9,
148,599,150,595,6,lummyNorthCabbageGate
132,635,143,627,19,
152,619,153,615,5,lummyNorthSheepGate
143,627,152,619,17,
323,713,335,712,13,
335,712,346,710,13,
346,710,353,700,17,
353,700,364,696,15,
364,696,370,686,20,
370,686,371,698,13,
365,710,371,698,18,
354,711,365,710,12,
346,710,354,711,9,
365,710,376,706,15,
371,698,376,706,15,
376,706,387,703,14,
387,703,399,701,14,
399,701,410,699,13,
410,699,421,698,12,
421,698,430,689,18,
430,689,433,683,9,
433,683,437,683,4,brimhavenKaramjaGate
437,683,448,690,18,
448,690,460,689,13,
460,689,473,687,15,
473,687,479,678,15,
479,667,479,678,11,
469,659,479,667,18,
467,647,469,659,14,
458,662,469,659,14,
446,669,458,662,19,
437,674,446,669,14,
437,674,437,683,9,
479,667,488,673,15,
488,673,497,669,13,
497,658,497,669,13,
486,652,497,658,19,
473,687,480,694,14,
476,704,480,694,14,
468,713,476,704,25,
464,725,468,713,20,
464,725,464,737,12,
464,737,464,749,12,
464,749,465,760,12,
463,771,465,760,13,
462,783,463,771,13,
458,796,462,783,17,
457,810,458,796,17,
446,818,457,810,19,
443,829,446,818,14,
443,829,447,840,15,
434,815,446,818,15,
421,815,434,815,13,
407,815,421,815,14,
394,815,407,815,13,
380,816,394,815,15,
371,825,380,816,18,
371,825,365,815,16,
365,815,380,816,16,
380,816,378,803,15,
378,803,380,791,14,
380,791,382,779,14,
382,779,384,766,15,
384,766,396,766,16,
396,766,407,769,14,
407,769,417,763,16,
417,763,420,751,15,
420,751,431,746,16,
431,746,439,736,18,
439,736,450,735,12,
450,735,455,728,12,
455,728,464,725,12,
448,850,448,861,13,
448,861,435,863,15,
435,863,421,863,14,
421,863,408,862,14,
408,862,396,863,13,
396,863,383,860,16,
383,860,383,850,10,
383,850,396,851,20,shiloVillageEntrance
396,851,403,852,8,
403,852,406,843,12,
406,843,406,831,12,
406,831,414,830,9,
414,830,424,826,18,
406,831,395,828,14,
110,438,96,438,14,
96,438,83,438,15,
83,438,75,442,18,
61,729,63,739,-1,shantayPass
613,593,622,590,12,
587,604,593,613,15,
593,613,600,620,14,
600,620,600,632,12,
277,644,277,653,13,
277,653,277,649,4,gerrantHouseDoor
600,632,609,640,17,
609,640,610,652,13,
610,652,610,664,12,
610,664,608,677,15,
608,677,595,681,17,
595,681,589,691,16,
589,691,585,702,15,
585,702,585,715,15,
585,715,594,710,14,
594,710,596,698,14,
596,698,589,691,14,
595,681,600,692,16,
600,692,596,698,10,
600,692,611,694,13,
611,694,621,693,11,
621,693,616,682,16,
616,682,608,677,15,
585,715,591,726,17,
591,726,601,731,15,
601,731,612,731,11,
612,731,625,730,14,
625,730,633,729,11,
591,726,581,734,18,
581,734,581,746,12,
581,746,587,755,15,
581,746,593,746,12,
593,746,602,748,11,
602,748,614,746,14,
614,746,626,749,15,
626,749,637,753,15,
637,753,637,761,8,
637,761,624,764,18,
624,764,612,767,15,
612,767,599,767,13,
599,767,587,767,12,
587,767,581,757,20,
581,757,581,746,11,
581,746,567,746,14,
567,746,556,748,13,
556,748,542,748,14,
542,748,534,755,15,
637,753,641,754,5,
648,754,641,754,7,yanilleWestGate
648,754,659,750,15,
659,750,666,740,17,
666,740,667,728,13,
667,728,654,728,13,
654,728,642,731,15,
642,731,647,742,16,
647,742,648,754,13,
567,746,568,734,13,
568,734,581,734,13,
568,734,569,721,14,
569,721,577,711,18,
577,711,575,698,15,
575,698,585,702,14,
575,698,563,695,15,
563,695,552,701,17,
552,701,539,703,15,
563,695,571,686,17,
571,686,568,674,21,
568,674,565,661,16,
565,661,565,648,13,
565,648,570,636,17,
570,636,571,624,13,
571,624,581,627,15,
581,627,591,631,14,
591,631,600,632,10,
591,631,589,644,15,
589,644,589,652,8,
589,652,598,655,12,
598,655,610,652,15,
589,652,575,651,17,
575,651,565,648,13,
562,606,560,595,13,
560,595,573,593,15,
573,593,582,597,13,
582,597,591,593,13,
560,595,549,596,12,
527,591,529,602,13,
529,602,527,615,15,
527,615,536,616,10,
536,616,546,616,12,
546,616,551,607,14,
527,591,514,593,15,
514,593,505,584,18,
505,584,499,573,17,
499,573,508,566,16,
508,566,513,553,18,
508,566,513,577,16,
513,577,522,577,9,
472,504,472,517,15,
472,517,477,527,15,
477,527,485,536,17,
485,536,498,537,14,
495,487,482,488,14,
482,488,471,487,12,
471,487,466,480,16,
471,487,467,496,19,
471,487,457,489,16,
506,446,496,435,21,
496,435,494,446,13,
496,435,484,432,15,
489,411,491,399,14,
609,531,609,517,14,
609,517,609,504,15,
609,504,610,492,15,
592,535,586,526,15,
586,526,586,517,9,fishingGuildEntrance
586,517,598,517,14,
598,517,599,504,16,
599,504,587,503,17,
587,503,586,517,15,
610,492,608,478,16,
608,478,607,466,13,
607,466,604,455,14,
604,455,615,457,13,
615,457,622,466,16,
622,466,634,466,12,
634,466,636,453,15,
636,453,647,451,13,
647,451,651,439,16,
647,451,653,462,17,
653,462,650,473,14,
650,473,646,483,14,
646,483,648,492,11,
648,492,644,503,15,
644,503,645,514,12,
645,514,648,520,9,
661,527,664,515,15,
664,515,666,503,14,
666,503,668,492,13,
668,492,670,480,14,
670,480,668,467,15,
668,467,668,456,13,
703,528,715,524,16,
715,524,728,522,15,
728,522,732,512,14,
732,512,733,498,19,
733,498,736,487,14,
736,487,734,474,15,
734,474,733,461,16,
733,461,723,453,18,
723,453,718,442,16,
718,442,705,438,17,
705,438,691,439,15,
691,439,678,441,15,
678,441,675,453,15,
675,453,675,465,12,
675,465,677,475,12,
677,475,688,479,15,
688,479,698,479,10,
698,479,700,493,16,
698,479,703,467,17,
703,467,704,457,13,
700,493,712,494,13,
712,494,721,490,13,
721,490,724,479,14,
724,479,734,474,15,
609,640,614,633,12,
614,633,622,633,8,
622,633,628,640,13,
628,640,635,645,12,
635,645,646,649,15,
646,649,656,651,12,
656,651,659,661,15,
659,661,660,670,12,
660,670,646,671,15,
646,671,635,671,15,
635,671,625,670,11,
656,651,666,655,16,
666,655,675,664,18,
675,664,679,675,15,
679,675,685,684,15,
685,684,694,693,18,
694,693,699,703,15,
699,703,707,710,15,
707,710,714,716,13,
699,703,705,692,17,
705,692,711,687,11,
685,684,691,677,13,
691,677,703,673,18,
703,673,711,662,19,
711,662,709,650,14,
709,650,710,637,14,
710,637,710,624,13,
710,624,707,612,15,
707,612,709,599,15,
709,599,706,587,15,
706,587,695,593,17,
695,593,682,598,18,
682,598,669,602,17,
669,602,656,608,19,
656,608,645,617,20,
645,617,635,625,18,
635,625,630,633,13,
630,633,628,640,9,
707,612,693,611,15,
693,611,680,615,17,
680,615,668,620,17,
668,620,654,623,17,
654,623,645,617,15,
709,580,696,580,15,
696,580,683,577,16,
683,577,669,578,15,
669,578,657,576,14,
657,576,644,575,14,
644,575,630,576,15,
630,576,627,589,18,
627,589,624,601,15,
624,601,634,604,13,
634,604,644,602,12,
644,602,654,599,13,
654,599,663,590,18,
663,590,669,578,18,
644,575,641,588,16,
644,602,641,588,21,
557,478,569,478,12,
569,478,580,472,17,
580,472,588,464,16,
588,464,590,451,15,
590,451,583,440,18,
583,440,572,437,16,
572,437,558,436,15,
558,436,546,437,13,
546,437,537,436,10,
537,436,532,448,17,
421,570,408,569,14,
408,569,402,560,15,
402,560,401,548,15,
401,548,402,536,13,
402,536,414,536,12,
414,536,425,537,12,
425,537,433,543,14,
433,543,427,547,10,
427,547,416,549,17,
421,570,426,566,9,
426,566,434,558,16,
426,566,416,560,16,
416,560,402,560,18,
430,689,421,681,17,
421,681,408,677,17,
408,677,395,681,17,
395,681,389,691,16,
389,691,387,703,14,
465,760,453,759,13,
453,759,440,759,17,
440,759,429,759,13,
429,759,417,763,16,
417,763,422,775,17,
422,775,422,787,14,
422,787,419,798,14,
419,798,406,800,15,
406,800,407,815,16,
419,798,431,800,14,
431,800,443,796,16,
443,796,450,787,16,
450,787,462,783,16,
450,787,437,781,19,
437,781,432,772,14,
432,772,422,775,15,
422,775,409,778,16,
409,778,397,780,14,
397,780,388,789,18,
388,789,382,779,16,
388,789,390,799,12,
390,799,398,807,16,
398,807,394,815,12,
398,807,406,800,15,
416,549,410,553,10,
416,549,407,543,15,
407,543,401,548,11,
63,739,71,746,15,
71,746,76,757,16,
76,757,80,768,15,
80,768,87,778,17,
87,778,94,789,18,
94,789,100,797,14,
100,797,104,809,16,
104,809,116,806,15,
116,806,128,805,13,
128,805,140,806,13,
140,806,152,804,14,
152,804,164,805,13,
164,805,175,801,15,
383,850,375,840,18,
375,840,364,835,16,
364,835,351,831,17,
351,831,346,820,16,
346,820,346,810,12,
347,801,355,795,14,
355,795,361,785,16,
361,785,364,776,12,
364,776,364,769,9,
364,769,352,771,14,
352,771,341,777,17,
341,777,340,788,12,
340,788,339,798,13,
339,798,347,801,11,
346,810,338,812,10,
338,812,338,825,13,
338,825,338,838,13,
338,838,341,851,16,
341,851,347,859,14,
347,859,356,865,15,
356,865,368,863,14,
368,863,375,865,9,
375,865,383,860,13,
364,835,360,846,15,
360,846,349,852,17,
349,852,347,859,9,
343,881,356,882,14,
356,882,367,882,11,
367,882,377,882,10,
377,882,389,881,13,
389,881,401,881,12,
401,881,413,876,17,
413,876,425,876,14,
425,876,437,879,15,
437,879,449,879,12,
449,879,460,877,13,
460,877,468,885,16,
468,885,467,897,13,
467,897,458,905,17,
458,905,444,906,15,
444,906,432,905,13,
432,905,419,903,15,
419,903,406,903,13,
406,903,393,904,14,
393,904,381,904,12,
381,904,368,903,14,
368,903,355,901,15,
355,901,343,902,13,
343,902,341,890,14,
341,890,343,881,11,
341,890,352,891,12,
352,891,363,892,12,
363,892,377,892,14,
377,892,390,894,15,
390,894,401,891,14,
401,891,412,894,14,
412,894,425,893,14,
425,893,436,892,12,
436,892,448,891,13,
448,891,460,892,13,
460,892,468,885,15,
437,879,436,892,14,
412,894,419,903,16,
436,892,432,905,17,
401,891,401,881,10,
377,892,381,904,16,
377,882,377,892,10,
352,891,356,882,13,
363,892,355,901,17,
443,829,448,829,5,
648,754,649,766,13,
649,766,639,772,16,
639,772,630,770,11,
630,770,621,778,17,
621,778,620,790,13,
620,790,620,801,13,
620,801,621,812,12,
621,812,626,824,17,
626,824,637,828,15,
637,828,648,833,16,
648,833,659,833,13,
659,833,661,844,13,
661,844,664,853,12,
664,853,655,861,17,
655,861,648,863,9,
648,863,635,863,13,
635,863,625,863,10,
625,863,613,863,12,
613,863,601,863,12,
601,863,590,862,12,
590,862,576,860,16,
576,860,577,848,13,
577,848,583,838,16,
583,838,583,826,12,
583,826,589,817,15,
589,817,601,818,13,
601,818,612,812,17,
612,812,621,812,9,
626,824,615,828,15,
615,828,604,831,14,
604,831,594,833,12,
594,833,583,838,16,
594,833,594,843,10,
594,843,597,853,13,
597,853,601,863,14,
597,853,604,844,16,
604,844,613,842,11,
613,842,621,835,15,
621,835,630,837,11,
630,837,637,828,16,
659,833,649,840,17,
649,840,639,846,16,
639,846,630,851,14,
630,851,619,852,12,
619,852,609,853,11,
609,853,601,863,18,
630,837,639,846,18,
613,842,619,852,16,
621,835,615,828,13,
604,831,601,818,16,
620,790,608,787,15,
608,787,596,780,19,
596,780,584,776,16,
621,778,609,778,16,
609,778,596,780,15,
691,716,678,718,15,
678,718,675,706,15,
675,706,673,693,15,
673,693,683,698,15,
683,698,686,709,14,
686,709,691,716,12,
678,718,670,718,8,
670,718,670,706,20,
670,706,670,697,9,
670,697,668,687,12,
668,687,658,686,11,
658,686,664,683,17,
664,683,666,676,15,
666,676,670,682,16,
670,682,670,674,8,
670,674,657,673,14,
657,673,644,675,15,
644,675,633,675,15,
670,718,658,718,12,
658,718,646,712,22,
646,712,633,708,21,
633,708,630,699,18,
630,699,631,688,12,
631,688,627,691,13,
627,691,627,703,16,
627,703,626,710,8,
626,710,630,716,14,
630,716,638,718,12,
638,718,649,717,12,
649,717,634,714,20,
616,682,623,675,14,
623,675,635,679,16,
635,679,644,680,14,
644,680,656,679,17,
639,683,633,684,15,
633,684,643,685,11,
653,685,662,689,13,
653,685,643,685,18,
656,679,639,683,25,
662,689,668,692,9,
668,692,665,701,12,
665,701,656,706,14,
656,706,663,706,7,
663,706,666,712,13,
666,712,661,712,15,
661,712,655,710,22,
655,710,641,708,16,
635,679,625,684,23,
625,684,625,697,17,
625,697,626,710,14,
595,681,584,677,15,
584,677,577,669,15,
577,669,568,674,14,
589,570,591,557,17,
591,557,600,549,17,
600,549,606,540,15,
606,540,609,531,12,
577,539,584,549,17,
584,549,591,557,15,
535,530,538,518,15,
538,518,539,506,13,
539,506,540,495,12,
540,495,547,489,13,
540,495,529,491,15,
529,491,517,485,18,
517,485,509,482,11,
232,438,242,431,17,
242,431,248,421,16,
248,421,258,417,14,
258,417,254,428,15,
254,428,254,439,11,
254,439,257,449,13,
257,449,257,455,6,
257,455,257,468,13,
257,468,257,478,10,
257,478,262,482,9,
254,428,264,422,16,
264,422,274,415,17,
274,415,282,409,14,
282,409,293,411,13,
293,411,305,411,14,
305,411,316,412,12,
316,412,326,411,11,
326,411,328,423,14,
328,423,319,432,18,
319,432,307,437,17,
307,437,297,440,13,
297,440,299,428,14,
299,428,294,421,12,
294,421,293,411,15,
294,421,283,425,15,
283,425,274,429,13,
274,429,263,435,17,
263,435,265,447,14,
265,447,276,452,16,
276,452,286,449,13,
286,449,294,453,12,
294,453,299,464,16,
299,464,296,477,16,
258,417,265,407,17,
265,407,274,400,16,
274,400,285,397,14,
285,397,297,395,14,
297,395,307,391,14,
307,391,318,392,12,
318,392,327,384,17,
327,384,327,372,12,
327,372,328,359,14,
328,359,328,347,12,
328,347,329,334,14,
329,334,324,323,16,
324,323,327,310,16,
327,310,327,297,13,
327,297,326,285,15,
326,285,329,273,15,
329,273,326,262,14,
326,262,327,250,13,
327,250,326,237,14,
326,237,326,225,14,
326,225,325,212,14,
325,212,324,199,14,
324,199,328,187,16,
328,187,327,174,14,
327,174,328,165,10,
328,165,328,152,13,
328,152,331,144,11,
331,144,331,140,4,icePlateauGate
331,140,331,128,12,
331,128,323,118,18,
323,118,311,119,13,
311,119,308,129,13,
308,129,306,139,12,
306,139,318,139,12,
318,139,319,128,12,
319,128,323,123,9,
323,123,331,128,13,
306,139,298,139,8,
298,139,298,123,16,wildyAgilityGate
298,139,286,139,14,
286,139,273,139,13,
273,139,259,139,14,
259,139,248,132,18,
248,132,248,124,8,
248,124,240,115,17,
240,115,233,108,14,
233,108,221,104,16,
221,104,214,109,12,
214,109,205,118,18,
205,118,196,122,13,
196,122,186,119,13,
186,119,183,107,15,
183,107,174,101,15,
174,101,164,101,10,
164,101,150,101,16,
150,101,135,101,15,
135,101,122,101,13,
122,101,109,101,13,
109,101,96,101,15,
96,101,83,106,18,
83,106,70,112,19,
70,112,59,117,16,
59,117,59,127,10,
59,127,59,141,14,
59,141,69,140,11,
69,140,81,138,14,
81,138,95,138,14,
95,138,108,135,16,
108,135,111,141,9,
111,141,111,145,4,deepWildyGate
111,141,123,138,15,
123,138,133,138,10,
133,138,147,138,16,
147,138,160,138,13,
160,138,170,138,10,
170,138,183,138,15,
183,138,194,138,13,
194,138,205,138,13,
205,138,209,133,9,
194,138,198,129,13,
198,129,196,122,9,
214,109,201,108,22,
201,108,191,102,16,
191,102,183,107,13,
233,108,245,107,13,
245,107,258,107,13,
258,107,268,115,18,
268,115,281,115,13,
281,115,285,127,16,
285,127,286,139,13,
268,115,258,122,17,
258,122,248,124,12,
164,101,163,113,15,
163,113,162,125,13,
162,125,160,138,15,
147,138,147,125,15,
147,125,147,114,11,
147,114,150,101,16,
135,101,130,109,13,
130,109,118,116,25,
118,116,121,126,13,
121,126,123,138,14,
95,138,94,125,14,
94,125,93,113,13,
93,113,96,101,15,
59,127,71,126,13,
71,126,84,123,16,
84,123,94,125,12,
94,125,105,121,15,
105,121,118,116,18,
118,116,126,123,15,
126,123,134,126,11,
134,126,147,125,14,
147,125,155,121,12,
155,121,163,113,16,
328,165,316,166,13,
316,166,317,154,13,
317,154,305,152,14,
305,152,292,154,15,
292,154,281,152,13,
281,152,268,149,16,
268,149,255,152,16,
255,152,242,152,13,
242,152,229,152,13,
229,152,215,152,14,
215,152,205,152,10,
205,152,194,152,13,
194,152,181,152,13,
181,152,165,152,16,
165,152,152,152,13,
152,152,139,152,13,
139,152,126,152,15,
126,152,113,153,14,
113,153,111,145,10,
113,153,99,153,14,
99,153,83,153,18,
83,153,68,153,17,
68,153,55,153,13,
55,153,55,163,12,
55,163,65,166,13,
65,166,73,168,10,
73,168,86,171,16,
86,171,94,171,8,
94,171,102,171,8,
102,171,112,168,13,
112,168,126,166,16,
126,166,136,163,13,
136,163,148,163,12,
148,163,161,163,13,
161,163,165,152,15,
165,152,172,158,13,
172,158,182,165,17,
182,165,194,166,13,
194,166,205,166,13,
205,166,218,163,16,
218,163,228,160,13,
228,160,240,159,13,
240,159,254,159,16,
254,159,262,169,18,
262,169,271,177,17,
271,177,282,178,12,
282,178,292,182,14,
292,182,303,188,17,
303,188,314,185,14,
314,185,320,177,14,
320,177,327,174,10,
316,166,320,177,15,
292,154,293,166,13,
293,166,301,172,14,
301,172,292,182,19,
301,172,310,174,11,
310,174,316,166,14,
293,166,278,166,15,
278,166,270,163,11,
270,163,262,169,14,
240,159,242,152,9,
215,152,218,163,14,
182,165,181,152,14,
126,152,126,166,14,
99,153,92,162,16,
92,162,94,171,11,
73,168,76,159,12,
76,159,83,153,13,
55,163,54,175,13,
54,175,58,185,14,
58,185,57,196,12,
57,196,57,208,12,
57,208,60,219,14,
60,219,57,231,15,
57,231,57,245,14,
57,245,60,258,16,
60,258,57,271,16,
57,271,60,284,16,
60,284,60,297,15,
60,297,63,310,16,
63,310,57,321,17,
57,321,49,331,18,
63,310,74,316,17,
74,316,82,311,15,
82,311,81,324,14,
81,324,77,336,16,
77,336,63,338,16,
63,338,51,343,17,
51,343,52,356,14,
52,356,53,369,16,
53,369,54,381,13,
54,381,58,393,16,
58,393,56,407,16,
56,407,55,419,15,
55,419,56,430,12,
56,430,48,439,17,
48,439,56,440,11,
56,440,59,447,10,
59,447,66,444,18,
66,444,65,436,15,
65,436,56,440,17,
48,439,53,449,15,
53,449,61,454,13,
61,454,73,452,14,
83,438,81,428,12,
81,428,68,429,14,
68,429,56,430,15,
55,419,68,417,15,
68,417,68,429,14,
68,417,68,404,13,
68,404,68,394,12,
68,394,58,393,11,
68,394,67,381,14,
67,381,64,368,16,
64,368,61,357,14,
61,357,52,356,10,
61,357,61,345,12,
61,345,63,338,9,
61,345,73,347,14,
73,347,77,336,15,
61,357,73,356,13,
73,356,85,356,12,
85,356,95,359,13,
95,359,103,369,18,
103,369,109,380,17,
109,380,122,382,15,
122,382,130,372,18,
130,372,132,359,15,
132,359,124,348,19,
124,348,114,351,13,
114,351,113,359,9,
113,359,116,365,9,
114,351,103,349,13,
103,349,94,340,18,
94,340,87,329,18,
87,329,81,324,11,
82,311,91,319,17,
91,319,98,328,16,
98,328,104,337,15,
104,337,114,342,15,
114,342,126,340,14,
126,340,136,345,15,
136,345,141,355,15,
141,355,141,368,13,
141,368,135,379,17,
135,379,127,390,19,
127,390,113,391,15,
113,391,100,385,19,
100,385,91,376,18,
91,376,85,365,17,
85,365,85,356,9,
122,382,127,390,13,
103,369,91,376,19,
130,372,141,368,15,
124,348,136,345,15,
114,342,124,348,16,
98,328,87,329,12,
82,311,95,309,15,
95,309,106,315,17,
106,315,116,320,15,
116,320,127,323,14,
127,323,138,328,16,
138,328,148,335,17,
148,335,151,346,14,
151,346,155,359,17,
155,359,158,371,15,
158,371,157,383,15,
157,383,148,392,18,
148,392,139,401,18,
139,401,126,403,15,
126,403,113,406,16,
113,406,99,405,15,
99,405,88,399,17,
88,399,79,389,19,
79,389,73,378,17,
73,378,67,381,9,
85,365,72,367,15,
72,367,64,368,9,
100,385,97,395,13,
97,395,99,405,12,
127,390,136,389,10,
136,389,148,392,15,
155,359,141,355,18,
127,323,115,328,17,
115,328,104,337,20,
88,399,77,405,17,
77,405,77,417,12,
77,417,81,428,15,
81,428,92,424,15,
92,424,97,414,15,
97,414,99,405,11,
110,438,110,424,14,
110,424,112,414,12,
112,414,113,406,9,
92,424,100,429,13,
100,429,110,424,15,
110,424,120,418,16,
120,418,132,419,13,
132,419,143,422,14,
143,422,155,425,15,
155,425,167,425,14,
167,425,179,425,14,
179,425,188,422,12,
188,422,197,413,18,
197,413,206,404,18,
206,404,218,404,12,
218,404,218,416,14,
218,416,221,428,15,
221,428,217,437,13,
191,435,188,422,16,
155,425,159,437,16,
126,403,127,390,16,
126,403,135,409,15,
135,409,132,419,13,
155,425,151,413,16,
151,413,150,401,13,
150,401,148,392,11,
151,413,163,412,13,
163,412,175,411,13,
175,411,185,405,16,
185,405,196,398,18,
196,398,208,398,12,
208,398,223,398,15,
223,398,218,404,11,
197,413,185,405,20,
248,421,235,420,14,
235,420,229,408,18,
229,408,218,404,15,
223,398,235,398,14,
235,398,247,398,14,
247,398,258,399,12,
258,399,265,407,15,
248,421,246,408,15,
246,408,247,398,13,
150,401,160,394,17,
160,394,171,390,15,
171,390,183,386,16,
183,386,195,383,15,
195,383,207,380,15,
207,380,218,377,14,
218,377,230,377,12,
230,377,242,377,12,
242,377,254,377,12,
254,377,263,377,9,
263,377,275,371,18,
275,371,287,371,12,
287,371,299,371,12,
299,371,311,371,14,
311,371,316,359,17,
316,359,328,359,14,
275,371,275,358,13,
275,358,275,343,15,
275,343,278,332,14,
278,332,283,321,16,
283,321,289,309,18,
289,309,289,297,12,
289,297,289,285,14,
289,285,289,274,11,
289,274,289,262,12,
289,262,289,250,12,
289,250,292,238,15,
292,238,292,226,12,
292,226,292,211,15,
292,211,292,199,12,
292,199,304,200,13,
304,200,303,188,13,
324,199,312,203,16,
312,203,304,200,11,
304,200,304,212,12,
304,212,306,224,14,
306,224,304,237,15,
304,237,304,249,12,
304,249,304,261,12,
304,261,304,273,14,
304,273,304,285,12,
304,285,306,296,13,
306,296,307,308,17,
307,308,306,320,13,
306,320,307,332,13,
307,332,310,344,15,
310,344,310,356,14,
310,356,316,359,9,
299,371,294,359,17,
294,359,293,346,14,
293,346,295,335,13,
295,335,293,323,14,
293,323,293,311,12,
293,311,289,309,6,
295,335,307,332,15,
324,323,312,318,17,
312,318,306,320,8,
306,296,315,287,18,
315,287,326,285,15,
327,250,316,251,14,
316,251,304,249,14,
325,212,314,212,11,
314,212,304,212,10,
304,237,292,238,13,
304,273,289,274,18,
306,296,294,300,18,
294,300,289,297,8,
292,182,286,193,17,
286,193,292,199,12,
286,193,273,193,13,
273,193,264,201,17,
264,201,252,206,17,
252,206,240,206,12,
240,206,227,206,13,
227,206,215,200,18,
215,200,212,188,15,
212,188,205,175,20,
205,175,205,166,11,
292,211,279,211,13,
279,211,266,212,14,
266,212,253,214,15,
253,214,252,206,9,
292,238,278,239,17,
278,239,265,239,13,
265,239,252,239,15,
252,239,253,227,15,
253,227,253,214,13,
289,262,275,261,15,
275,261,264,253,19,
264,253,252,251,14,
252,251,252,239,12,
289,274,275,274,14,
275,274,262,273,14,
262,273,249,272,14,
249,272,245,260,16,
245,260,252,251,16,
275,343,269,332,17,
269,332,278,332,9,
269,332,270,320,13,
270,320,273,308,15,
273,308,275,296,14,
275,296,264,295,12,
264,295,258,304,15,
258,304,266,311,19,
266,311,270,320,13,
269,332,260,324,17,
260,324,251,315,18,
251,315,245,305,16,
245,305,239,296,15,
239,296,239,287,9,
239,287,241,275,14,
241,275,249,272,11,
136,163,140,175,16,
140,175,151,175,11,
151,175,164,175,13,
164,175,176,175,12,
176,175,188,182,19,
188,182,198,188,16,
198,188,212,188,14,
182,165,176,175,16,
140,175,126,179,18,
126,179,112,180,15,
112,180,113,192,15,
113,192,115,204,14,
115,204,115,213,9,
115,213,121,220,13,
121,220,131,228,18,
131,228,143,229,13,
143,229,155,232,15,
155,232,168,232,13,
168,232,171,219,16,
171,219,174,207,15,
174,207,171,195,15,
171,195,183,191,16,
183,191,188,182,14,
215,200,204,206,17,
204,206,192,211,17,
192,211,185,219,15,
185,219,171,219,14,
253,227,240,227,13,
240,227,227,228,14,
227,228,214,231,16,
214,231,200,232,15,
200,232,185,232,15,
185,232,185,219,13,
227,206,220,216,17,
220,216,227,228,19,
94,171,89,183,17,
89,183,78,190,18,
78,190,66,189,13,
66,189,58,185,12,
113,192,100,193,14,
100,193,89,194,12,
89,194,89,183,11,
60,219,72,218,15,
72,218,85,217,14,
85,217,96,214,14,
96,214,106,210,14,
106,210,115,213,12,
168,232,169,243,12,
169,243,156,247,17,
156,247,142,248,15,
142,248,143,258,11,
143,258,143,268,12,
143,268,154,271,14,
154,271,155,259,13,
155,259,165,261,12,
165,261,175,255,16,
154,271,166,272,13,
166,272,178,273,13,
178,273,186,261,20,
186,261,189,249,15,
189,249,197,243,14,
200,232,197,243,14,
197,243,209,247,16,
209,247,217,253,14,
217,253,228,255,13,
228,255,238,249,16,
238,249,252,251,16,
239,287,225,287,16,
225,287,211,286,15,
211,286,198,286,13,
198,286,182,286,18,
182,286,178,273,17,
217,253,214,264,14,
214,264,211,277,16,
211,277,211,286,11,
85,217,84,229,13,
84,229,83,243,15,
83,243,84,254,12,
84,254,82,267,15,
82,267,81,280,14,
81,280,81,293,15,
81,293,88,303,17,
88,303,95,309,13,
81,293,68,294,14,
68,294,60,284,18,
60,258,71,256,13,
71,256,84,254,15,
83,243,95,243,14,
95,243,108,246,16,
108,246,119,246,11,
119,246,129,244,12,
129,244,142,248,17,
142,248,140,239,11,
140,239,143,229,13,
143,268,129,267,19,
129,267,116,268,16,
116,268,103,269,16,
103,269,90,270,14,
90,270,81,280,19,
88,303,99,299,15,
99,299,111,298,13,
111,298,122,296,13,
122,296,134,292,16,
134,292,146,293,13,
146,293,148,282,13,
148,282,154,271,17,
182,286,169,293,20,
169,293,156,292,14,
156,292,146,293,13,
127,323,134,314,16,
134,314,142,305,17,
142,305,146,293,16,
148,335,154,325,16,
154,325,160,315,16,
160,315,171,311,15,
171,311,181,318,17,
181,318,194,321,18,
194,321,204,320,11,
204,320,216,320,12,
216,320,228,320,12,
228,320,241,320,13,
241,320,251,315,15,
160,315,154,304,17,
154,304,156,292,14,
116,268,117,281,16,
117,281,124,285,11,
124,285,134,292,17,
242,377,241,364,14,
241,364,239,351,15,
239,351,242,339,15,
242,339,241,327,13,
241,327,241,320,7,
204,320,204,333,13,
204,333,205,346,14,
205,346,209,357,15,
209,357,210,369,15,
210,369,207,380,14,
151,346,163,347,13,
163,347,174,346,14,
174,346,185,344,13,
185,344,194,337,16,
194,337,204,333,14,
174,346,174,358,12,
174,358,173,371,14,
173,371,176,381,13,
176,381,171,390,14,
196,398,192,391,11,
192,391,183,386,14,
254,377,249,386,14,
249,386,247,398,14,
435,484,435,488,4,catherbyChefDoor
435,488,445,490,12,
435,488,427,495,15,
144,657,144,669,12,
144,669,130,670,-1,
130,3545,125,3533,17,
125,3533,114,3541,19,
114,3541,103,3544,14,
125,3533,127,3521,14,
125,3533,133,3528,13,
133,3528,144,3533,16,
144,3533,154,3528,15,
154,3528,165,3529,12,
165,3529,169,3539,14,
169,3539,174,3546,12,
279,3327,280,493,10,dwarvenMineCannonEntrance
280,493,278,485,10,
279,3327,269,3330,13,
279,3327,278,3339,13,
278,3339,286,3347,16,
286,3347,291,3342,10,
291,3342,291,3331,13,
286,3347,293,3348,8,
293,3348,302,3349,10,
302,3349,310,3349,8,
278,3339,266,3339,12,
266,3339,265,3350,12,
265,3350,267,3361,13,
267,3361,265,3372,13,
265,3372,267,3378,8,
267,3378,267,3387,11,miningGuildDoor
267,3387,268,3397,13,
265,3372,254,3370,13,
254,3370,250,537,5,dwarvenMineFaladorEntrance
248,563,252,572,13,
252,572,252,581,11,
252,581,254,591,12,
257,546,250,537,10,
61,729,68,718,18,
68,718,76,709,17,
76,709,83,702,14,
83,702,84,693,10,
84,693,83,683,11,
83,683,71,682,13,
71,682,70,671,12,
70,671,70,660,11,
70,660,69,647,14,
69,647,68,634,14,
68,634,67,622,13,
67,622,68,610,13,
68,610,70,598,14,
70,598,70,586,12,
71,682,61,682,10,
61,682,59,694,14,
61,682,58,672,13,
58,672,70,671,21,
83,683,82,671,15,
82,671,85,659,15,
85,659,88,650,12,
82,671,70,671,14,
88,650,81,641,16,
81,641,73,631,18,
73,631,67,622,15,
73,631,76,619,15,
76,619,78,607,14,
78,607,79,594,14,
79,594,78,581,14,
78,607,68,610,13,
78,581,73,573,13,
73,573,84,574,12,
73,573,71,560,15,
73,573,63,573,10,
44,566,32,566,16,
32,566,25,568,9,
57,547,60,536,14,
60,536,64,525,15,
64,525,67,515,13,
67,515,69,503,14,
69,503,68,491,13,
68,491,69,479,13,
69,479,73,468,15,
73,468,62,464,15,
62,464,50,462,14,
50,462,52,473,13,
52,473,48,484,15,
48,484,35,489,18,
35,489,22,488,14,
22,488,9,488,13,
48,484,47,496,13,
47,496,45,508,14,
45,508,45,521,15,
45,521,45,533,12,
45,533,37,541,16,
37,541,27,549,18,
27,549,16,555,17,
16,555,9,559,11,
9,559,14,549,15,
27,549,27,560,13,
27,560,39,559,13,
39,559,44,566,12,
46,550,37,541,18,
64,525,52,521,16,
52,521,45,521,7,
68,491,56,488,15,
56,488,48,484,12,
237,576,240,579,6,
63,573,57,573,6,digsiteGate
57,573,49,566,15,
49,566,44,566,5,
693,493,693,502,13,
693,502,692,1448,256,gnomeAgilityClimbFirstNet
692,1448,689,2395,128,gnomeAgilityClimbTower
689,2395,685,2396,64,gnomeAgilityRopeSwing
685,2396,683,506,32,gnomeAgilityClimbDownTower
683,506,687,500,11,
687,500,693,493,13,
208,750,100,649,-1,skipTutorial
100,649,102,638,13,
102,638,107,628,15,
107,628,116,627,10,
107,628,107,618,10,
53,558,49,566,12,
57,547,53,558,15,
53,558,46,550,15,
